Hero_01_Mixamo_Bind | (12.00000, 0.00000, 0.00000) | (0.000, 0.000, 0.000) | (1.0000, 1.0000, 1.0000)
Body_EyeSphere_L | (12.00000, 0.00000, 0.00000) | (270.020, 0.000, 0.000) | (100.0000, 100.0000, 100.0000)
Body_EyeSphere_R | (12.00000, 0.00000, 0.00000) | (270.020, 0.000, 0.000) | (100.0000, 100.0000, 100.0000)
Body_Skin | (12.00000, 0.00000, 0.00000) | (270.020, 0.000, 0.000) | (100.0000, 100.0000, 100.0000)
Hero_01_Rig | (12.00000, 0.00000, 0.00000) | (270.020, 0.000, 0.000) | (100.0000, 100.0000, 100.0000)
Root | (12.00000, 0.00000, 0.00000) | (90.000, 0.000, 0.000) | (1.0000, 1.0000, 1.0000)
Hips | (12.02824, 0.71265, -0.01019) | (357.742, 359.529, 0.862) | (1.0000, 1.0000, 1.0000)
Spine | (12.02618, 0.85253, -0.01572) | (0.950, 2.188, 359.620) | (1.0000, 1.0000, 1.0000)
Chest | (12.02497, 1.01248, -0.01943) | (1.919, 4.379, 359.204) | (1.0000, 1.0000, 1.0000)
Back | (12.01513, 1.04339, -0.11362) | (0.000, 0.000, 0.000) | (1.0000, 1.0000, 1.0000)
Neck | (12.02654, 1.17247, -0.01804) | (359.166, 358.796, 1.676) | (1.0000, 1.0000, 1.0000)
Head | (12.02427, 1.28244, -0.01841) | (359.140, 358.867, 1.710) | (1.0000, 1.0000, 1.0000)
FaceExtra | (12.03237, 1.39133, 0.18440) | (0.000, 0.000, 0.000) | (1.0000, 1.0000, 1.0000)
Hat | (12.00915, 1.64800, 0.03051) | (0.000, 0.000, 0.000) | (1.0000, 1.0000, 1.0000)
Shoulder.L | (12.02644, 1.16247, -0.01813) | (277.008, 108.907, 337.053) | (1.0000, 1.0000, 1.0000)
UpperArm.L | (11.80798, 1.18929, -0.01054) | (303.806, 78.305, 286.802) | (1.0000, 1.0000, 1.0000)
LowerArm.L | (11.73933, 0.95170, 0.01157) | (335.281, 356.200, 16.420) | (1.0000, 1.0000, 1.0000)
Hand.L | (11.73614, 0.77032, 0.11986) | (11.562, 16.624, 324.488) | (1.0000, 1.0000, 1.0000)
Hand_L | (11.79298, 0.69453, 0.16987) | (0.000, 0.000, 0.000) | (1.0000, 1.0000, 1.0000)
Shoulder.R | (12.02644, 1.16247, -0.01813) | (281.156, 252.519, 10.892) | (1.0000, 1.0000, 1.0000)
UpperArm.R | (12.24305, 1.20218, -0.01679) | (302.282, 276.555, 77.033) | (1.0000, 1.0000, 1.0000)
LowerArm.R | (12.31635, 0.96645, 0.00983) | (335.429, 357.673, 346.678) | (1.0000, 1.0000, 1.0000)
Hand.R | (12.32755, 0.78518, 0.11779) | (13.627, 337.320, 23.094) | (1.0000, 1.0000, 1.0000)
Hand_R | (12.29354, 0.71121, 0.18740) | (0.000, 0.000, 0.000) | (1.0000, 1.0000, 1.0000)
UpperLeg.L | (11.90767, 0.75081, -0.01268) | (7.819, 187.397, 186.230) | (1.0000, 1.0000, 1.0000)
LowerLeg.L | (11.88209, 0.42497, 0.04926) | (30.453, 0.263, 355.933) | (1.0000, 1.0000, 1.0000)
Foot.L | (11.86742, 0.16502, -0.04520) | (285.614, 49.865, 327.585) | (1.0000, 1.0000, 1.0000)
Toes.L | (11.82363, 0.06602, 0.10869) | (336.082, 0.000, 0.000) | (1.0000, 1.0000, 1.0000)
UpperLeg.R | (12.14764, 0.75442, -0.01085) | (8.369, 178.115, 174.670) | (1.0000, 1.0000, 1.0000)
LowerLeg.R | (12.18135, 0.42939, 0.05148) | (28.488, 355.773, 4.963) | (1.0000, 1.0000, 1.0000)
Foot.R | (12.17809, 0.16501, -0.03101) | (286.498, 322.165, 21.347) | (1.0000, 1.0000, 1.0000)
Toes.R | (12.23947, 0.06601, 0.11674) | (336.082, 0.000, 0.000) | (1.0000, 1.0000, 1.0000)
Slot_Hair | (12.00000, 0.00000, 0.00000) | (0.000, 0.000, 0.000) | (1.0000, 1.0000, 1.0000)
Hair_Default | (12.00000, 0.00000, 0.00000) | (270.020, 0.000, 0.000) | (100.0000, 100.0000, 100.0000)
Slot_Hat | (12.00000, 0.00000, 0.00000) | (0.000, 0.000, 0.000) | (1.0000, 1.0000, 1.0000)
Hat_Visor | (12.00000, 0.00000, 0.00000) | (270.020, 0.000, 0.000) | (100.0000, 100.0000, 100.0000)
Slot_Shirt | (12.00000, 0.00000, 0.00000) | (0.000, 0.000, 0.000) | (1.0000, 1.0000, 1.0000)
Shirt_Default | (12.00000, 0.00000, 0.00000) | (270.020, 0.000, 0.000) | (100.0000, 100.0000, 100.0000)
Slot_Shorts | (12.00000, 0.00000, 0.00000) | (0.000, 0.000, 0.000) | (1.0000, 1.0000, 1.0000)
Shorts_Default | (12.00000, 0.00000, 0.00000) | (270.020, 0.000, 0.000) | (100.0000, 100.0000, 100.0000)
Slot_Shoes | (12.00000, 0.00000, 0.00000) | (0.000, 0.000, 0.000) | (1.0000, 1.0000, 1.0000)
Shoes_Default | (12.00000, 0.00000, 0.00000) | (270.020, 0.000, 0.000) | (100.0000, 100.0000, 100.0000)
